1.0
663.0
278.0
99.0
324.0
642.0
240.0
70.0
608.0
332.0
285.0
106.0
684.0
659.0
281.0
84.0
355.0
305.0
193.0
55.0
1030.0
613.0
237.0
55.0
1094.0
526.0
148.0
15.0
980.0
484.0
94.0
24.0
928.0
423.0
53.0
17.0
1306.0
643.0
341.0
74.0
1780.0
641.0
430.0
158.0
2276.0
610.0
264.0
75.0
2570.0
513.0
268.0
33.0
2566.0
680.0
323.0
32.0
2970.0
736.0
247.0
35.0
2918.0
481.0
329.0
36.0
3249.0
542.0
459.0
41.0
3741.0
500.0
454.0
42.0
4199.0
570.0
220.0
60.0
